200
92 188
92 9
12 131
12 66
8 117
8 80
47 174
47 23
185 112
185 85
154 167
154 30
161 161
161 36
76 186
76 11
140 177
140 20
109 188
109 9
165 156
165 41
160 162
160 35
116 186
116 11
69 184
69 13
32 162
32 35
91 188
91 9
167 154
167 43
68 184
68 13
98 188
98 9
6 99
184 117
184 80
18 143
18 54
166 155
166 42
186 99
153 168
153 29
171 148
171 49
144 175
144 22
162 160
162 37
79 187
79 10
49 175
49 22
106 188
106 9
77 186
77 11
99 188
99 9
80 187
80 10
21 148
21 49
173 145
173 52
82 187
82 10
35 165
35 32
71 185
71 12
81 187
81 10
97 188
97 9
66 183
66 14
177 138
177 59
61 181
61 16
110 187
110 10
59 181
59 16
150 171
150 27
124 184
124 13
132 181
132 16
43 171
43 26
105 188
105 9
117 186
117 11
148 172
148 25
142 176
142 21
130 182
130 15
114 187
114 10
9 122
9 75
39 168
39 29
128 183
128 14
121 185
121 12
7 112
7 85
22 150
22 47
67 184
67 13
180 131
180 66
41 170
41 27
54 178
54 19
95 188
95 9
60 181
60 16
57 180
57 17
65 183
65 14
107 188
107 9
176 140
176 57
10 125
10 72
113 187
113 10
11 128
11 69
115 186
115 11
46 173
46 24
170 150
170 47
164 157
164 40
182 125
182 72
45 173
45 24
25 154
25 43
87 188
87 9
31 161
31 36
44 172
44 25
23 151
23 46
50 176
50 21
122 185
122 12
74 186
74 11
42 171
42 27
146 173
146 24
15 138
15 59
52 177
52 20
75 186
75 11
20 147
20 50
63 182
63 15
181 128
181 69
36 166
36 31
78 187
78 10
93 188
93 9
17 142
17 55
148 173
148 24
11 131
11 66
90 189
90 8
41 171
41 26
26 157
26 40
179 136
179 61
136 180
136 17
159 164
159 33
107 189
107 8
93 189
93 8
84 189
84 8
50 177
50 20
54 179
54 18
168 154
168 43
121 186
121 11
156 167
156 30
87 189
87 8
160 163
160 34
79 188
79 9
154 169
154 28
31 162
31 35
16 142
16 55
42 172
42 25
59 182
59 15
132 182
132 15
118 187
118 10
25 155
25 42
167 155
167 42
45 174
45 23
15 140
15 57
127 184
127 13
51 178
51 19
100 189
100 8
164 159
164 38
72 186
72 11
91 189
91 8
112 188
112 9
134 181
134 16
141 178
141 19
64 184
64 13
68 185
68 12
184 122
184 75
13 136
13 61
83 189
83 8
151 171
151 26
40 170
40 27
95 189
95 8
129 183
129 14
94 189
94 8
163 160
163 37
56 180
56 17
143 176
143 21
66 184
66 13
23 153
23 44
86 189
86 8
103 189
103 8
182 128
182 69
130 183
130 14
48 176
48 21
77 187
77 10
74 187
74 10
9 125
9 72
128 184
128 13
55 180
55 17
117 187
117 10
165 158
165 39
173 147
173 50
137 180
137 17
17 144
17 53
144 176
144 21
171 150
171 47
109 189
109 8
58 181
58 16
10 128
10 69
177 140
177 57
37 168
37 29
175 144
175 53
104 189
104 8
157 166
157 31
186 112
186 85
108 189
108 8
39 169
39 28
161 162
161 35
28 159
28 38
125 185
125 12
43 172
43 25
123 185
123 12
7 117
7 80
122 186
122 11
158 165
158 32
115 187
115 10
152 170
152 27
61 183
61 15
38 169
38 28
155 168
155 29
12 134
12 64
24 154
24 43
30 161
30 36
70 186
70 11
180 134
180 64
151 134
10 162
122 51
37 46
122 124
177 108
54 4
8 4
28 49
115 18
14 15
47 127
33 68
70 180
118 88
141 39
47 70
88 44
67 169
118 51
76 131
5 43
133 40
90 55
8 63
188 138
4 28
66 106
119 120
127 166
114 1
134 39
2 169
168 14
10 108
5 59
113 20
185 67
125 142
45 88
168 58
115 46
112 49
10 185
0 103
23 9
70 198
173 39
57 185
96 177
156 175
116 100
40 0
40 92
87 168
101 14
159 175
58 78
22 27
62 29
129 44
188 6
192 168
44 56
104 99
184 19
25 107
117 24
106 116
115 152
82 175
116 49
148 133
77 129
158 98
108 94
140 103
51 140
21 54
146 84
103 137
53 135
43 129
158 108
44 32
58 85
157 133
84 112
64 169
191 29
17 106
74 165
159 84
55 187
22 198
144 82
132 146
10 49
4 13
79 21
